# Dados da componente vertical de gz lido em cada posição do Gravímetro
2.042073598794183198e+01
2.296380593990338070e+01
2.593853403315732464e+01
2.943835106234092436e+01
3.358136043164867601e+01
3.851802392634350980e+01
4.444158858138546719e+01
5.160233824200555830e+01
6.032720695460741922e+01
7.104692797671449966e+01
8.433376188808142615e+01
1.009539713363254805e+02
1.219404943791587073e+02
1.486922785820912054e+02
1.831061491146589333e+02
2.277414157233008609e+02
2.859983448898799452e+02
3.622409736838356480e+02
4.616782265551826185e+02
5.895883309760450857e+02
7.491328417500025125e+02
9.368474039489536835e+02
1.135960811898145494e+03
1.311599772516479106e+03
1.417157230911529723e+03
1.417157230911529041e+03
1.311599772516479106e+03
1.135960811898145494e+03
9.368474039489527740e+02
7.491328417500025125e+02
5.895883309760450857e+02
4.616782265551823343e+02
3.622409736838356480e+02
2.859983448898797178e+02
2.277414157233009462e+02
1.831061491146588764e+02
1.486922785820911201e+02
1.219404943791587073e+02
1.009539713363254378e+02
8.433376188808136931e+01
7.104692797671449966e+01
6.032720695460741922e+01
5.160233824200553698e+01
4.444158858138546719e+01
3.851802392634350980e+01
3.358136043164866180e+01
2.943835106234092436e+01
2.593853403315731398e+01
2.296380593990337005e+01
2.042073598794183198e+01
